numVisits: 5
numPNodes: 16
numCNodes: 3
numROperators: 4
numAOperators: 3

nodeSubsetIndexes: [1 2 3 4 5 6 7 8 9 10 11 12 13 14 15 16] 
originNodeROperator: [20 21 22 23] 
chargingNodeAOperator: [17 18 19] 
destinationNodeROperator: [24 25 26 27] 
startNodeROperator: [5 12 1 3] 
parkingNodeAOperator: [1 9 16] 

chargingSlotsAvailable: [3 3 3] 
costOfDeviation : 20
costOfPostponedCharging : 20
costOfExtraTime : 1
costOfTravel: 1
costOfTimeUse: 0.5
costOfMaxTravel: 0.5
travelTimeVehicle: [0.0 4.0 8.0 12.0 4.0 5.6 8.8 12.8 8.0 8.8 11.2 14.4 12.0 12.8 14.4 16.8 0.0 8.0 16.8 
		4.0 0.0 4.0 8.0 5.6 4.0 5.6 8.8 8.8 8.0 8.8 11.2 12.8 12.0 12.8 14.4 4.0 8.8 14.4 
		8.0 4.0 0.0 4.0 8.8 5.6 4.0 5.6 11.2 8.8 8.0 8.8 14.4 12.8 12.0 12.8 8.0 11.2 12.8 
		12.0 8.0 4.0 0.0 12.8 8.8 5.6 4.0 14.4 11.2 8.8 8.0 16.8 14.4 12.8 12.0 12.0 14.4 12.0 
		4.0 5.6 8.8 12.8 0.0 4.0 8.0 12.0 4.0 5.6 8.8 12.8 8.0 8.8 11.2 14.4 4.0 4.0 14.4 
		5.6 4.0 5.6 8.8 4.0 0.0 4.0 8.0 5.6 4.0 5.6 8.8 8.8 8.0 8.8 11.2 5.6 5.6 11.2 
		8.8 5.6 4.0 5.6 8.0 4.0 0.0 4.0 8.8 5.6 4.0 5.6 11.2 8.8 8.0 8.8 8.8 8.8 8.8 
		12.8 8.8 5.6 4.0 12.0 8.0 4.0 0.0 12.8 8.8 5.6 4.0 14.4 11.2 8.8 8.0 12.8 12.8 8.0 
		8.0 8.8 11.2 14.4 4.0 5.6 8.8 12.8 0.0 4.0 8.0 12.0 4.0 5.6 8.8 12.8 8.0 0.0 12.8 
		8.8 8.0 8.8 11.2 5.6 4.0 5.6 8.8 4.0 0.0 4.0 8.0 5.6 4.0 5.6 8.8 8.8 4.0 8.8 
		11.2 8.8 8.0 8.8 8.8 5.6 4.0 5.6 8.0 4.0 0.0 4.0 8.8 5.6 4.0 5.6 11.2 8.0 5.6 
		14.4 11.2 8.8 8.0 12.8 8.8 5.6 4.0 12.0 8.0 4.0 0.0 12.8 8.8 5.6 4.0 14.4 12.0 4.0 
		12.0 12.8 14.4 16.8 8.0 8.8 11.2 14.4 4.0 5.6 8.8 12.8 0.0 4.0 8.0 12.0 12.0 4.0 12.0 
		12.8 12.0 12.8 14.4 8.8 8.0 8.8 11.2 5.6 4.0 5.6 8.8 4.0 0.0 4.0 8.0 12.8 5.6 8.0 
		14.4 12.8 12.0 12.8 11.2 8.8 8.0 8.8 8.8 5.6 4.0 5.6 8.0 4.0 0.0 4.0 14.4 8.8 4.0 
		16.8 14.4 12.8 12.0 14.4 11.2 8.8 8.0 12.8 8.8 5.6 4.0 12.0 8.0 4.0 0.0 16.8 12.8 0.0 
		0.0 4.0 8.0 12.0 4.0 5.6 8.8 12.8 8.0 8.8 11.2 14.4 12.0 12.8 14.4 16.8 0.0 8.0 16.8 
		8.0 8.8 11.2 14.4 4.0 5.6 8.8 12.8 0.0 4.0 8.0 12.0 4.0 5.6 8.8 12.8 8.0 0.0 12.8 
		16.8 14.4 12.8 12.0 14.4 11.2 8.8 8.0 12.8 8.8 5.6 4.0 12.0 8.0 4.0 0.0 16.8 12.8 0.0 ]

travelTimeBike: [0.0 8.0 16.0 24.0 8.0 11.2 17.6 25.6 16.0 17.6 22.4 28.8 24.0 25.6 28.8 33.6 0.0 16.0 33.6 
		8.0 0.0 8.0 16.0 11.2 8.0 11.2 17.6 17.6 16.0 17.6 22.4 25.6 24.0 25.6 28.8 8.0 17.6 28.8 
		16.0 8.0 0.0 8.0 17.6 11.2 8.0 11.2 22.4 17.6 16.0 17.6 28.8 25.6 24.0 25.6 16.0 22.4 25.6 
		24.0 16.0 8.0 0.0 25.6 17.6 11.2 8.0 28.8 22.4 17.6 16.0 33.6 28.8 25.6 24.0 24.0 28.8 24.0 
		8.0 11.2 17.6 25.6 0.0 8.0 16.0 24.0 8.0 11.2 17.6 25.6 16.0 17.6 22.4 28.8 8.0 8.0 28.8 
		11.2 8.0 11.2 17.6 8.0 0.0 8.0 16.0 11.2 8.0 11.2 17.6 17.6 16.0 17.6 22.4 11.2 11.2 22.4 
		17.6 11.2 8.0 11.2 16.0 8.0 0.0 8.0 17.6 11.2 8.0 11.2 22.4 17.6 16.0 17.6 17.6 17.6 17.6 
		25.6 17.6 11.2 8.0 24.0 16.0 8.0 0.0 25.6 17.6 11.2 8.0 28.8 22.4 17.6 16.0 25.6 25.6 16.0 
		16.0 17.6 22.4 28.8 8.0 11.2 17.6 25.6 0.0 8.0 16.0 24.0 8.0 11.2 17.6 25.6 16.0 0.0 25.6 
		17.6 16.0 17.6 22.4 11.2 8.0 11.2 17.6 8.0 0.0 8.0 16.0 11.2 8.0 11.2 17.6 17.6 8.0 17.6 
		22.4 17.6 16.0 17.6 17.6 11.2 8.0 11.2 16.0 8.0 0.0 8.0 17.6 11.2 8.0 11.2 22.4 16.0 11.2 
		28.8 22.4 17.6 16.0 25.6 17.6 11.2 8.0 24.0 16.0 8.0 0.0 25.6 17.6 11.2 8.0 28.8 24.0 8.0 
		24.0 25.6 28.8 33.6 16.0 17.6 22.4 28.8 8.0 11.2 17.6 25.6 0.0 8.0 16.0 24.0 24.0 8.0 24.0 
		25.6 24.0 25.6 28.8 17.6 16.0 17.6 22.4 11.2 8.0 11.2 17.6 8.0 0.0 8.0 16.0 25.6 11.2 16.0 
		28.8 25.6 24.0 25.6 22.4 17.6 16.0 17.6 17.6 11.2 8.0 11.2 16.0 8.0 0.0 8.0 28.8 17.6 8.0 
		33.6 28.8 25.6 24.0 28.8 22.4 17.6 16.0 25.6 17.6 11.2 8.0 24.0 16.0 8.0 0.0 33.6 25.6 0.0 
		0.0 8.0 16.0 24.0 8.0 11.2 17.6 25.6 16.0 17.6 22.4 28.8 24.0 25.6 28.8 33.6 0.0 16.0 33.6 
		16.0 17.6 22.4 28.8 8.0 11.2 17.6 25.6 0.0 8.0 16.0 24.0 8.0 11.2 17.6 25.6 16.0 0.0 25.6 
		33.6 28.8 25.6 24.0 28.8 22.4 17.6 16.0 25.6 17.6 11.2 8.0 24.0 16.0 8.0 0.0 33.6 25.6 0.0 ]

handlingTimeP: 4
handlingTimeC: 5
travelTimeToOriginR: [12 0 10 5] 
travelTimeToParkingA: [28 40 51] 
timeLimit: 60
timeLimitLastVisit: 10
initialHandling: [1 0 1 0] 
initialRegularInP: [3 1 1 0 1 1 0 3 3 0 2 0 0 1 2 0] 
initialInNeedP: [0 0 1 0 1 1 0 0 0 0 0 1 1 0 0 1] 
finishedDuringC: [1 1 1] 
idealStateP: [0 4 2 2 0 4 1 4 4 4 3 0 0 0 2 4] 
demandP: [-1 -1 -1 -1 -1 0 0 0 -1 -1 0 1 -1 0 -1 0] 
mode: 1
sequenceBigM: 10
