totalNumberOfChargingSlots : [5 5]
handlingTimeP : 4
travelTimeVehicle : [0.0 11.8 15.3 13.6 17.2 16.3 13.6 16.3 11.8 0.0 10.8 17.6 12.8 11.8 17.6 11.8 13.7 9.8 0.0 19.9 11.0 11.8 19.9 11.8 14.0 17.7 23.0 0.0 17.4 17.4 0.0 17.4 17.2 13.3 12.1 16.4 0.0 13.0 16.4 13.0 15.5 11.6 12.1 16.3 13.0 0.0 16.3 0.0 14.0 17.7 23.0 0.0 17.4 17.4 0.0 17.4 15.5 11.6 12.1 16.3 13.0 0.0 16.3 0.0 ]
handlingTimeC : 5
costOfDeviation : 20
numROperators : 3
costOfExtraTime : 1
numCNodes : 2
numPNodes : 6
hNodes : 2
costOfTravel : 1
maxTravelHToC : 30
nodeSubsetIndexes : [1 2 3 4 5 6]
travelTimeBike : [0.0 18.6 33.9 10.4 18.4 40.6 10.4 40.6 21.7 0.0 23.6 17.9 10.2 22.9 17.9 22.9 34.2 15.6 0.0 30.0 18.6 12.7 30.0 12.7 16.3 22.9 42.8 0.0 19.7 36.8 0.0 36.8 26.5 17.4 18.7 22.3 0.0 22.8 22.3 22.8 38.8 23.4 20.5 29.4 17.2 0.0 29.4 0.0 16.3 22.9 42.8 0.0 19.7 36.8 0.0 36.8 38.8 23.4 20.5 29.4 17.2 0.0 29.4 0.0 ]
costOfPostponedCharging : 100
sequenceBigM : 10
wNodes : 3
numVisits : 5
cToP : [4 6]
destinationNodeROperator : [12 13 14]
originNodeROperator : [9 10 11]

timeLimitLastVisit : 10
timeLimit : 30
chargingSlotsAvailable : [2 1]
finishedDuringC : [2 1]
numAOperators : 3
travelTimeToParkingA : [9.45561156816342 6.36139681936926 0.4414816792753806]
chargingNodeAOperator : [7 7 8]
parkingNodeAOperator : [4 4 6]
travelTimeToOriginR : [0.0 11.600000000000023 0.0]
startNodeROperator : [1 7 8]
initialInNeedP : [2 0 1 0 2 1]
idealStateP : [1 1 2 2 0 0]
initialRegularInP : [0 0 0 0 2 2]
demandP : [1 1 2 2 1 1]
initialHandling :[0 1 0]
mode : 2
